591181756
1944681881
710888285
602325528
1949127417
1780507676
135644894
1249337237
84705624
556897902
1521531569
435903520
2007134620
777935738
1768421344
1861300480
766905050
611125961
1671951045
1344293131
956411672
126865067
1496583292
1312388903
117921245
1136993895
2121321279
726506851
223598768
1135623802
1896126545
1410711243
1370184341
740587920
831787653
1305835245
266305094
219297404
63803257
1744397424
373031871
1058477812
1267244929
1184440324
293950616
2131283295
1908723139
1458715199
143913133
1233128205
1998979642
1319282927
2030904609
2067939713
2044435579
1083806958
1919955764
1561083744
1534526536
1123894723
1344759667
616446996
705933521
341188313
622270444
415586277
318539461
1335932908
718814857
1672091360
1666688373
1690605085
961407959
1873650892
904387613
100034171
934468641
1912974485
66463524
988940388
884509395
11419623
157093904
1284869649
108833503
588333726
523967864
882403240
2017289325
215539008
1187328801
1542102297
1770410826
1657639840
1194116806
691797330
1145136262
425756753
1056686966
766069922
560717378
860127340
795037139
714706963
441369515
1298699974
847675486
1968613654
212269388
175966841
323179062
1091145495
738542448
38442373
1905523162
1897433833
1269811879
353725125
2053431105
72761489
1063879733
533816169
690628992
679159217
141878168
1395409915
1026805420
702541678
342966942
1336296570
287536574
1328639795
799728757
186818625
2142521845
844768191
2065557441
238996552
566210115
1583775081
881919766
258909597
412419863
1815622393
1640504378
1722885478
2041307251
1433151363
422654679
1096450652
544620196
1472087899
348403055
722340659
356974884
2013908220
143251396
1093137049
1775666121
1541694306
1328604325
1036801121
1854726911
928002370
1980973676
1292287131
1006748797
433447170
456700089
1869282883
1133911714
776908101
46912319
1176932319
2325412
1335743152
1951822452
1323417518
1524925428
437429866
511872210
233425866
1030357070
1081986964
1106404173
776936938
1387344403
1544603455
620423638
492294613
400749001
868421910
193080592
1867604010
233162665
783490733
1306359799
1770845765
768426437
2006321260
108660893
1309698119
1078468505
1135219804
409766730
800459107
1293089992
622693353
1530534503
1670860174
1375965054
2046074064
1716844834
1022228276
768900503
690165842
1493297422
973547804
1779888392
295271555
1199293442
763920206
2073386655
1184352385
703177125
1141953543
851944791
1056820866
921749844
1429083171
1698310171
350038477
765860411
39981633
2076146817
1778698088
1318666994
1894050521
116981049
1385101339
87743700
15745904
1659692638
1131089528
707004488
2132994325
717853186
1122817496
1206329300
1187701261
1318790235
2052610070
249452393
1269134551
1908900674
114013308
1739966568
68290622
1430140643
51527891
457441207
806213400
153253668
1287135187
2029596590
1384176895
719440797
631390443
2094769289
1119954347
621676492
1439652715
343430697
405117533
75267583
205712148
654141548
614093941
949347360
1618924299
220841166
627159085
1032581655
960115925
1403359794
524943274
1130757103
2022183407
941851031
566144056
492977351
1765130844
1278305882
533047099
10673113
135067071
895774313
99222177
1995899569
509106438
2106857987
105923758
1372979954
389580217
848021323
301667941
1544601796
2103686079
548515691
40504261
1950172002
1215158813
1207644370
219969837
2006553897
423783845
211554307
1116342933
1150207230
1876090003
767569076
1342651299
31848576
2058101953
652299898
1084691403
1239809276
46436137
891695139
662884713
758564396
1913977577
1756149177
1136966127
294364318
179056275
1451612411
2138989573
1839163130
2057961038
1077448176
1791313658
1622855532
1427188756
1337602837
774202306
709611443
1324252255
1242325601
1380700407
1754593453
1695522940
1183253788
589757443
583986566
2127508386
697115444
698246621
1485681442
500433614
120673665
124965445
1952020503
1300576786
315772511
894762522
915701077
877156643
277049169
560452953
12970666
1232705271
1804242535
369708143
671893912
1712175010
324703874
2050178249
951237153
994935560
1801538579
65244466
867017417
279889046
1402209505
568821548
1508495299
1193750885
525827063
1829710691
462411886
1531640344
1582969689
1330559309
1550738221
59867348
1164650495
2027650328
1701762661
1478608699
542818164
1712407764
205337671
711083432
1039646026
911281162
417772491
626184431
1662370138
1142907897
232061145
487911887
1798402925
1452403913
1448886615
1790335476
544275166
1978640439
2089803720
1513242791
1785549693
719109271
1039245825
1545521197
2010205636
1766827057
848814068
1726605347
1964727280
445952405
612511466
289871840
432047828
1322161043
1469055711
1517304325
594826554
1582871846
105213633
1399183177
9567856
81598085
1799199489
496127646
242273927
215002003
1603559734
1245725881
71497352
1873993938
1301302376
1581290414
1692891231
1491364997
541939369
1862168748
958565530
27169712
1170431260
662947966
9544974
114629943
1386621091
1517565309
1595317480
253302963
107198900
1409141254
561720069
709390740
145714878
1745276172
773982554
173496168
2024675060
1129574236
1571119794
1320929859
1568203384
560284834
709674009
116755241
2101016129
508767795
674373310
1237584877
1184818512
1257616545
1642588867
95733214
163200581
1411154729
594348744
316128418
1635028807
180509117
473703648
351890603
10381533
1636625497
1295182590
1473374668
1997993976
407710360
1505713884
1981177991
361870773
1895225731
220020947
1876377142
317716717
846529164
1463831169
1270254095
1842596362
725267667
1156414520
1502902141
1460801837
1698948449
1943498540
871694263
645860259
2029249309
1618540383
736983643
1741742144
250371110
278750246
136115765
632416570
1907849271
1390462113
2081736442
1630473207
1018054869
636194086
371031463
2123252302
868500643
744338717
906830517
539373479
468278479
1036889553
2024449464
2122974363
595709586
1487572133
1959922094
479303282
927574502
354110157
1694965175
1117300528
1165934547
84604183
2139124185
1391672029
27452293
994651863
1775945429
1574928999
1244202448
95655382
1894562865
1224286229
239302891
2127540838
1931541185
1820678315
1557886565
590213145
342989439
1377180939
2005691197
2146905522
1545708034
1272473603
1253704066
1282764487
976993180
1203559307
993041666
533558749
487178714
891096202
1069291962
669283508
200387099
666938390
359816362
20008708
308646101
370962358
1163313606
1685318597
511744826
503057040
271610155
5349837
1415092542
984726660
1076170158
466705071
1154195984
1386746099
1911827483
1662957945
902772255
2129453494
1147544844
1729443899
1729017067
1829505510
402900775
246466429
1306441716
1990457134
278921657
1122676050
1022805966
820950315
1888160254
694653190
1118380017
390113747
1008882451
505831571
1248584575
1858834950
1167733461
1564214281
2139224412
796424906
935594525
2065602630
150557454
483179694
135210681
1775965810
1319861813
1910780257
1406956185
923130464
1510205235
1880551482
2104752564
1313024891
537272996
1823237081
845954320
334014547
1160885269
967867282
766386731
1153080082
1685203366
1300362781
1788434586
1808522318
196298715
594558539
661015334
592267963
1123242397
1959721915
242178547
2018272687
681287601
520173883
1235818101
67370065
545192124
48909040
672259556
17462749
1858909433
1401137139
159050149
909663203
986454346
1359105444
669863444
227148705
494244699
881612050
959437116
1939013004
1059306294
1032146819
455576123
1251068701
768458950
1522325184
114602284
1005450158
1165113650
1035173675
442637804
846238827
1701741409
496435073
1022649432
2002754268
210206436
1536634061
324075518
1001713821
592994562
1182539007
2028558960
1121942416
784361999
1321904287
653170516
976469567
1821567104
859051117
2032190224
2093090090
504665010
27872714
833238464
140247196
1458560644
1465435327
473826664
410570216
1225610888
1025399085
189206032
163850185
13705750
2135777415
1326569512
1543970185
964474911
363878890
1437819474
555644773
1793457963
347138803
1930620400
2011045544
1122545791
294983235
2086901770
594971663
1693533881
213416131
438307464
633480921
2000409672
362032142
420000005
1409658935
1316478151
647485282
629309747
726077508
1901716988
1973728934
1283128210
886887165
1468040212
2147368
1898345774
1395103002
39189623
862157697
1681462561
2003843714
1451424972
929307320
874143599
745965110
61808327
1956620453
25766355
2022640372
662403807
644824147
1697450915
188225022
1679686529
1642202391
753065161
814212079
938487826
799965898
851782585
1213874649
636030386
481368764
883219763
776688249
4167507
2028937034
85148463
1752069875
1297944895
533454226
1741670348
2135197642
551686215
467049180
1242040960
2038443022
931232027
885210986
1480068180
69864658
809532293
960039457
1536897107
883003641
1983274499
1512337654
2096620085
1146032005
671759777
1279109400
771975249
677723883
397573894
1569700054
248399307
568680927
2092665792
1013264160
1551470616
2136980425
159286905
1972940895
1946039699
1481450993
2104410791
489918164
259090764
1219000716
1326178472
1768139524
511724703
759703
457007348
1976531001
978387795
335616763
902417496
1104713844
1763171182
1153328832
2111777751
1134895942
556864383
812189082
1204621552
1796598411
1148059639
1525908336
1029124546
352680177
323852319
386916636
2141839941
484393237
703145822
1890000792
1527320267
465730287
905613760
841223276
586555964
1517806389
1607016694
495039322
1546533353
1490590938
1261111265
425803349
352976163
1216216029
1583865247
1192933425
1015654889
1819653974
1904948758
1016863743
338278991
1792207107
1911541260
516405469
1127560587
555151649
1513429354
1513209208
831185312
1244885905
1419168020
234727861
176925866
814869326
386406358
903141004
2095124433
1972779610
95322283
962513298
1489500110
1595798471
499863799
1992833814
1524237960
362482265
1843332404
881948991
1624615974
95649289
1201684608
2084787393
1447828346
1816216968
711372031
295282524
539408260
689211779
1966136646
843516774
722021519
1234077365
904514907
1140512797
914534910
1964319724
458749050
1075558702
425995223
167722639
731386195
1179803888
1176024325
1072073573
149082217
2053837423
751887272
1907032526
399690895
992523973
961066480
1765930367
228242065
959142968
1935786817
2063943312
1416678819
461914918
1490638955
1938354038
1734834949
1041727875
1353340345
13887459
206318308
834912668
287142880
615138293
288323540
682969946
758996544
1582914841
1664081452
1802269036
1531490553
588988043
1587020906
155042406
1047690155
1262905808
492566932
1142068191
678774015
17906775
1979971225
1120732972
984822443
1730050541
1021061143
1301463721
1398631977
1583008066
152253558
1770075412
1528570730
1846373817
1919669835
1610474466
253297042
386262718
1390914180
496864032
370912488
150131320
1881264079
269711620
531929271
1262704255
1581521476
2141723464
1921882615
580417105
1078034865
354043856
1462309866
621960473
651956375
1730118063
1926461255
1999230682
1591280418
1321343526
166794739
407877401
2048499989
2025232016
318373483
2109474460
1701351785
956365159
2019881472
1336991182
286179358
1889494510
312494366
811440793
1370824666
552266039
1321544587
1635300001
1180325295
1082210650
1269747249
500561756
56866099
116384876
242498389
1402284977
53243660
1246225027
1515050021
284433961
580024260
836526341
1219050419
1465275260
1662789683
2095785613
1114550966
1063754451
1586951304
1682886765
413423800
1766364918
1001206378
376704824
1819006636
1700142008
1466534264
1310756209
1272290304
2124437443
1940817074
612670028
1602480485
847481777
993267020
806033471
1040699671
70349863
1886182228
1188378942
601338988
1806324191
1531028805
943871131
2065380676
1248310661
449023914
532994460
111122689
1672312603
845557035
1339458137
1855994825
299693788
1272824294
503324030
149785282
1481035810
880989160
1437556501
1814903033
1510320952
695344362
1742479894
481204352
1810494146
622584539
641949046
719815872
1538252714
1630360673
2064119443
578458112
1373924506
813600014
1059232783
1351826903
747782364
1824054389
2021587667
1723320372
982468569
1399230324
1415318217
1813447238
466779200
290177864
2110065201
1716855511
1606298276
753451328
1350374302
1914617875
806738884
1164933183
1842257533
815708241
1189166195
1214982070
1141138867
565329255
1716465857
256999210
1640517645
1050552725
1692679112
1371704584
1486530719
506576263
304609377
2085148961
1901913411
699485185
1396138602
437480767
1288421641
1999870093
936138468
1983764235
420076357
1400813705
1155785534
257906042
447886448
1569358988
1442081755
1508675278
1301528238
1614675279
1298017983
811772195
524669312
394700142
683985177
1774759985
682220346
214370076
1445533554
395627956
413651692
930168756
1933110471
1480450697
871248951
273976384
1631565246
1502452721
2356311
872368893
1597250062
1713588174
1328726630
203390420
1603174421
2003674181
1827159053
44633954
538645831
1246683587
372771232
398463879
474248267
1828639794
1233377374
37020407
1091380143
1060292809
292178109
1706480856
1549735725
1219206938
1879637430
1588030704
991272407
1132983233
2128177959
1129506648
1224445388
884152893
201477216
93861995
1957519840
1246136169
1024946949
259850676
805933157
1655503688
1007284788
1445267176
587534332
1709083745
1054360666
59363138
1709837285
1321213732
506943748
1128222250
137822134
341189035
1083290060
1468577148
480802946
443510094
813580117
368113380
599668444
286347508
1089729758
2081045888
1892067695
158457324
1003127004
333013398
961149816
1927250867
1950284289
8804032
1759351964
1452810095
72830322
422885453
1037131607
260855276
871899778
1720500688
1434103449
2115212654
1283161053
942769658
1783784459
1763994411
843828481
1840067782
82703280
62504680
1702799436
1440136535
1683548063
733076169
896282655
975975061
1095077051
1384903499
1306889030
1546471875
1733231368
191870936
1398641302
229629067
2063632245
1709868616
1256419333
36664466
8379963
1032788850
850212742
2030531471
825873070
133488031
1602743873
1159843417
1163332585
1182913186
835874839
1293099933
1635577966
1458576790
1083937397
769806357
145023630
976448691
97003590
760926706
193351938
1846386747
1785600679
1812322383
60794896
1251007915
382875746
593200855
2103688435
1216305498
1673322891
1443796674
980179432
1425591301
910300297
14409170
211812491
313502011
1320822950
1021159871
1621656667
426789792
846011060
955131621
1033442811
2094670845
1109749644
474774432
105873255
293977643
577999869
225224307
1251443115
78582059
481860513
2114151950
1849642392
1572390274
249665630
1468878050
1413641258
1360224216
250233888
1175447138
1701007316
734300212
1226260664
2108082027
342080099
2097944597
1050684823
1417277363
1196892643
1262363154
1012436598
1875677746
890967032
2074542207
2078135879
1914478473
1800364258
684849945
1248796115
1941412976
640286867
976451715
628939807
1009803841
1261189529
1506765890
122353039
46303945
2081711502
145884423
876376554
449556132
1090980767
82163660
1920318667
1707186234
1806380424
871965266
256904811
603215589
57700826
1772875
1665522433
365201745
1689620159
252407161
1073398291
1638846583
229482247
893357586
1889610698
1099776596
1179072486
40799792
424160313
441620405
242792641
795370219
1715199464
1817889821
1610955466
1861037604
581814486
275603221
280752396
938136048
1250976017
1615655010
1188156786
108769332
804899135
847437031
1915161164
2013455497
1585992549
2084529159
1878466588
599860987
926702521
1057313093
868421594
1774302245
2076897445
886396305
1380862263
1822294068
565689584
1687838239
219079162
1464126536
245579600
443692420
1965716167
1629060124
342761934
1042759602
1148093874
1842664581
1978433728
872354078
631955914
2038867196
841880988
300779048
1758024359
1593845018
1464527362
1069390515
1733911863
1981354724
1925564091
1040738118
640451965
2122787487
351513592
339247036
1642922455
1281205698
156603015
1769307924
1991717700
911442483
1332717306
314181667
1937615076
987644511
1389033688
1215917677
1622288586
1124969227
1982644693
1157173189
1652265219
839901031
186275569
717971443
1387149527
1312842337
1709737868
1004651187
1281260990
938425077
1463817612
1443192373
1936426432
1229638478
1081109582
12296079
1148257722
1538389978
1059635313
345160290
1532927053
923303640
856358120
1584200722
1987406949
630528402
226246556
1839677991
1275889483
1592053246
958430256
678741182
90855187
1167993574
1282899102
436294485
176018167
1047775104
1290709335
1709095133
1230578941
544441236
658141537
432671811
439558509
2009499120
1742570060
683552983
647573809
2019261606
139204222
1960622118
1959130685
1677318506
1309265912
1392964147
1994222914
829598871
911493211
1647267338
1805590823
1777191021
2114251759
2145509929
1310982882
174942003
1709341306
496981657
960661022
948075765
1736654182
1450626781
1124395246
256024836
229271861
1627350508
872893602
884992272
784134939
18983278
202724475
933030721
1074099505
1657532578
2058296208
1559830024
867032809
1135865491
769099782
1536367529
225525114
2031916798
2081284337
798326709
1252434241
558382524
1267595549
367664440
441527429
2019456138
460258690
1629495877
3265711
1040227121
2071512240
865727901
387508178
1469596791
323852266
1442111696
1877516079
1458689796
153209293
2141353229
259054073
670337581
933034532
283171390
1857734944
745736411
1144972775
1242750847
1151135464
841079072
117412109
392451791
1097128921
1851111382
1817070798
531515635
642256114
786122210
933377107
133032871
982325445
2133848742
509248248
1648476297
99054397
544919890
1242435474
650709959
835548101
1795776860
1334371686
1280755061
1645859233
1003811493
654500859
335159272
1590525867
1044758543
171570421
1479698024
1968502032
1784509712
1446530641
2045145683
168735143
546588791
1756847031
1492030100
700933381
82595621
617491134
144439562
381529779
777058198
304149331
559701334
203151507
1561084957
1265107597
95255145
286531628
2097273918
1060103906
2147464138
1312993817
1763461120
2112136960
1073717922
1392086876
427023599
1158179362
1880320709
1956584442
1051627131
993901222
1341978161
128018821
397069839
1117852359
741650313
1157952225
780302619
1122877807
1060575944
713086689
1650240893
158933788
415453077
1515219442
239293316
7370514
1042358333
1757768126
726066342
1581077297
2012528942
267694980
1679951800
369275186
592784514
2098237441
2028292106
1231156284
1102883019
1489895423
377279075
1163517363
714368496
1374010841
1061348558
1942674275
894882013
1127146249
1314004693
1892508191
1382375505
767268371
2003398271
378223415
780130463
1276434302
549781837
1839938239
176977743
1494204331
1286165036
1170709930
129564239
1054977580
386696581
149588176
1858257387
904863675
1876862428
378233456
375049631
1901918894
76683552
339400669
1807897941
2053172058
1544199742
383581030
1190063333
1957498857
1706793524
441483089
856321192
1533128236
142117907
1718724669
1030726654
1381428853
2118890137
1717534637
1436789641
73952400
1361175948
943867335
2083280672
690012092
1701896674
1594045382
1148770757
743932317
1896619838
2042560327
1213560890
1382821804
910461712
1160957534
684017269
325664100
133535918
2122699235
428677072
509578735
219852591
863022390
1476786752
1691290470
1733659729
1527456584
33086943
1912410625
1191320181
666094114
1605491670
1675224965
260952573
427478076
1815231696
1378602027
13667223
647851945
1717948449
2117692616
2081972744
219511323
879690811
1066710503
2080112769
1280516307
732613859
1503013631
1283687203
2131098072
701346621
166744410
1860322094
62870343
1788859818
37238003
1071851411
257848796
1074834172
225341454
1257186869
60633469
651178366
237851873
1269565878
985081999
558469457
60264416
1761735802
1778747375
306106649
1260875722
2045288557
1703717044
1176767380
850314880
1959810261
342454641
1532207706
1611253612
1908656882
1597918808
174085089
9105831
1845311310
1410944226
1422805818
959826412
1624626813
401335959
1869175790
62048568
425371823
1373373996
1413471988
146556083
160036533
1007287156
1140004103
984757833
1457140838
1182844959
199136877
869429282
259296818
1651692320
1285941085
28426814
1530454892
1678322295
1206727503
1010275330
1680447667
1892099722
1191242867
1073168470
770981307
1428823911
757691961
1293381227
1440930144
1332361371
550168980
511664596
209744938
1078233758
132182099
975453486
135663217
678862058
1691597308
407264532
1593431064
1983758731
1428485504
343829639
290824416
1104652002
330470215
1769651324
1731603881
1198867207
1579310839
1382570892
1817349313
187268272
12274901
1889429670
987796858
1416834009
2006584614
48227836
922560696
1009522967
1691597858
56163897
1140189101
1996955493
605393589
1596698809
401507717
1906918766
1737289404
2096650881
95817924
1623999969
1614826449
1393010269
436539170
309271641
725525802
1946745486
40550253
1006108623
1697024287
1707437974
560637326
1619846826
213938887
1966696055
508943606
545125328
456096555
986849788
388704186
709251058
281102774
88712798
1794728786
1391600296
1429494963
699683242
1502838432
1062070519
676268854
417305717
1957024650
28852600
830877474
807098598
915851784
273010927
787933119
965649105
865340420
1868954428
1799924882
1150535421
462974002
1813904546
518015156
1239442947
1150911605
1503948296
739854590
847213317
591059039
891600365
1643173829
216469124
1197541951
320544008
811619014
754786300
1812937485
1181284688
754626338
554577297
1924859819
186542018
1035159393
882168123
359768965
1767667783
1897962449
577444832
973638587
1024771260
1088015525
