Cavaughn Browne
Many Points Distance Progam

     Point           Point            Distance
         4,5               5,10                5.10

         5,10              20,30               25.00

        20,30              30,40               14.14

        30,40              60,70               42.43

        60,70             100,50               44.72

       100,50              50,80               58.31

        50,80               0,10               86.02

         0,10              75,75               99.25

        75,75              80,30               45.28

        80,30              60,90               63.25

        60,90              40,60               36.06

        40,60              50,50               14.14

        50,50              30,45               20.62

        30,45              85,75               62.65

        85,75             100,100               29.15

       100,100              40,70               67.08

        40,70              10,50               36.06

        10,50              20,70               22.36

        20,70              30,65               11.18

        30,65               4,5               65.39

Total distance is 848.18

Cavaughn Browne
Many Points Distance Progam

     Point           Point            Distance
         0,10               4,5                6.40

         4,5               5,10                5.10

         5,10              10,50               40.31

        10,50              20,30               22.36

        20,30              20,70               40.00

        20,70              30,40               31.62

        30,40              30,45                5.00

        30,45              30,65               20.00

        30,65              40,60               11.18

        40,60              40,70               10.00

        40,70              50,50               22.36

        50,50              50,80               30.00

        50,80              60,70               14.14

        60,70              60,90               20.00

        60,90              75,75               21.21

        75,75              80,30               45.28

        80,30              85,75               45.28

        85,75             100,50               29.15

       100,50             100,100               50.00

       100,100               0,10              134.54

Total distance is 603.94

Cavaughn Browne
Many Points Distance Progam

     Point           Point            Distance
         0,10               4,5                6.40

         4,5               5,10                5.10

         5,10              10,50               40.31

        10,50              20,30               22.36

        20,30              20,70               40.00

        20,70              30,40               31.62

        30,40              30,45                5.00

        30,45              30,65               20.00

        30,65              40,60               11.18

        40,60              40,70               10.00

        40,70              50,50               22.36

        50,50              50,80               30.00

        50,80              60,70               14.14

        60,70              75,75               15.81

        75,75              80,30               45.28

        80,30              85,75               45.28

        85,75             100,50               29.15

       100,50             100,100               50.00

       100,100               0,10              134.54

Total distance is 578.54

